  1     0.74
  2     1.06
  3    -1.73
  4    -0.14
  5    -0.62
  6    -0.76
  7    -0.10
  8    -0.92
  9     1.05
 10     1.33
 11     1.46
 12    -0.69
 13    -1.28
 14     0.50
 15    -1.79
 16    -0.57
 17     0.19
 18     2.02
 19    -0.31
 20     0.29
 21    -0.82
 22     2.35
 23    -0.95
 24     1.64
 25     0.81
 26     0.28
 27    -0.74
 28    -0.42
 29     0.22
 30     0.64
 31     2.32
 32    -1.99
 33     3.21
 34    -0.29
 35     1.16
 36    -0.13
 37     1.34
 38     0.30
 39    -0.30
 40     0.28
 41    -0.42
 42    -0.09
 43    -2.03
 44     1.51
 45     0.90
 46     0.76
 47    -0.77
 48     2.29
 49    -0.39
 50     0.67
 51    -0.31
 52    -0.92
 53     0.69
 54     0.93
 55    -0.48
 56    -0.81
 57     1.38
 58     0.20
 59    -1.25
 60     1.02
 61     0.81
 62     0.71
 63    -1.30
 64     0.29
 65     1.11
 66    -0.56
 67    -4.29
 68     2.20
 69     0.84
 70    -0.18
 71     0.96
 72     0.80
 73    -0.38
 74    -0.35
 75    -0.80
 76    -0.88
 77    -1.26
 78     2.32
 79     0.72
 80     0.86
 81    -0.34
 82     0.00
 83     2.40
 84    -0.60
 85    -1.68
 86    -1.20
 87    -2.21
 88    -0.17
 89    -0.73
 90    -4.80
 91    -1.49
 92     0.85
 93    -1.12
 94    -3.02
 95     0.71
 96     1.39
 97     0.16
 98     1.19
 99     0.42
100     0.56
101     1.22
102    -1.56
103    -5.80
104    -1.19
105     1.42
106    -0.85
107     1.61
108    -0.34
109     2.33
110    -2.19
111     2.46
112    -3.06
113     1.68
114     2.03
115    -0.25
116     4.08
117    -0.34
118    -4.17
119     0.37
120    -2.00
121     1.41
122    -1.47
123     0.74
124     2.97
125     1.59
126     0.16
127     1.92
128     0.71
129    -0.39
130     0.08
131    -2.01
132    -0.70
133     3.09
134    -0.21
135     1.37
136     0.79
137     0.73
138    -1.57
139    -0.64
140    -0.68
141     1.35
142     1.69
143     1.99
144     0.28
145    -0.76
146    -1.96
147     0.44
148     1.95
149     0.19
150     1.41
151     0.42
152    -0.67
153     1.91
154    -0.20
155     0.76
156     0.13
157     0.09
158     1.23
159    -1.18
160     0.07
161     1.94
162    -1.14
163     1.54
164    -0.45
165    -0.42
166     1.02
167    -0.40
168     0.52
169    -0.28
170    -1.03
171     1.55
172    -0.78
173     0.61
174    -0.16
175     0.31
176    -0.50
177    -0.17
178    -0.17
179    -1.96
180     0.95
181    -0.53
182    -0.91
183    -1.58
184    -0.47
185     0.00
186     0.29
187     0.20
188     1.02
189    -0.20
190     0.45
191     0.31
192     0.23
193     0.50
194    -0.62
195    -1.50
196     0.11
197    -0.71
198     1.39
199     1.68
200     1.81
201    -0.85
202    -1.28
203    -0.82
204    -0.90
205    -0.91
206     0.26
207     1.20
208     1.80
209     0.73
210    -1.23
211     2.01
212     1.01
213    -1.64
214    -3.23
215    -1.09
216    -0.18
217     0.37
218    -1.43
219     0.13
220     1.28
221     2.91
222    -1.28
223    -0.27
224     1.72
225    -4.09
226    -0.15
227     2.43
228    -1.50
229    -0.51
230    -0.68
231    -0.91
232    -1.00
233     0.51
234    -0.32
235    -1.02
236    -0.73
237     0.44
238     0.08
239     0.10
240     0.15
241     0.29
242     0.69
243    -1.29
244     0.65
245    -0.06
246    -1.95
247     0.74
248     0.73
249     2.57
