604.35
602.12
609.07
613.50
616.44
614.21
616.01
616.87
616.69
624.18
639.63
631.75
626.77
611.83
611.08
619.91
616.50
616.79
600.99
600.36
611.04
612.00
610.15
610.98
614.29
618.38
616.50
616.44
624.50
628.15
624.15
624.22
625.26
630.08
610.21
611.32
608.82
610.04
613.40
600.76
600.79
609.56
600.62
591.66
592.31
591.77
580.30
576.71
569.99
569.56
557.10
561.36
561.06
576.50
577.32
582.16
586.89
579.74
575.36
581.73
581.84
586.76
591.80
587.68
569.09
574.18
580.00
578.16
577.37
570.61
576.28
578.51
530.70
526.84
521.53
525.73
525.10
525.05
532.82
537.76
537.97
544.10
538.56
533.89
535.79
534.27
535.30
537.68
542.66
535.45
535.05
529.55
518.42
530.46
529.81
531.25
524.03
518.39
518.26
519.67
518.13
520.90
529.02
525.60
528.06
523.08
521.06
519.03
519.17
516.73
509.51
504.73
508.37
502.95
500.37
485.02
484.58
493.00
487.01
480.22
474.88
482.80
493.65
497.57
506.38
521.03
532.44
535.36
546.60
531.99
527.28
534.01
538.26
528.94
597.62
594.94
602.55
595.35
606.99
618.23
618.98
622.52
607.22
610.94
603.69
606.77
592.40
601.17
577.52
579.04
546.02
573.41
549.01
562.13
563.77
557.23
539.00
533.15
504.88
490.92
498.17
518.82
523.29
520.04
526.86
539.08
540.70
540.96
532.50
524.84
522.18
534.03
534.96
524.85
530.12
529.52
532.07
542.56
546.68
546.67
546.63
539.20
520.66
525.51
531.89
539.34
528.84
527.50
515.04
495.52
501.90
504.70
514.71
515.12
537.17
543.18
548.50
558.99
591.68
582.41
590.51
580.70
583.67
590.49
596.42
583.16
586.31
598.67
600.14
592.64
578.65
584.82
597.50
596.14
608.33
612.34
600.95
595.08
608.35
613.00
616.56
611.47
600.87
594.88
580.94
580.00
570.11
563.00
588.19
582.93
599.39
613.77
620.36
625.65
623.77
623.39
616.05
627.42
625.39
625.63
618.07
619.54
625.96
621.83
630.37
625.82
629.70
633.14
640.25
639.70
642.40
645.90
665.41
668.28
659.01
650.02
622.46
623.14
625.96
629.64
624.99
628.58
632.91
639.57
585.99
585.52
580.93
569.49
568.10
579.98
577.69
