     1        0.893
     2        1.305
     3        0.859
     4        0.952
     5        1.479
     6       -0.083
     7        0.121
     8        1.034
     9       -0.702
    10       -1.814
    11       -0.429
    12        0.331
    13       -0.683
    14        0.579
    15       -0.822
    16        1.619
    17       -0.053
    18        1.380
    19        0.068
    20       -0.556
    21       -0.370
    22       -2.048
    23       -0.294
    24       -0.684
    25       -0.422
    26       -2.553
    27        0.540
    28       -4.682
    29       -0.151
    30       -6.512
    31        4.649
    32       -4.417
    33        4.486
    34        0.672
    35        2.115
    36       -0.855
    37        0.068
    38       -4.311
    39       -1.634
    40        0.081
    41        3.293
    42        1.407
    43       -1.525
    44        1.453
    45        2.873
    46        0.267
    47        0.441
    48       -1.043
    49       -2.559
    50       -0.730
    51        2.827
    52       -1.043
    53       -2.617
    54        0.646
    55        0.919
    56        1.383
    57        1.720
    58        0.591
    59       -0.994
    60       -0.117
    61       -2.948
    62       -3.227
    63        0.597
    64        2.384
    65        1.117
    66       -2.046
    67        0.795
    68       -2.497
    69       -2.846
    70        2.188
    71        1.854
    72        1.812
    73       -0.674
    74        3.348
    75        0.101
    76        0.874
    77       -0.200
    78        1.712
    79       -1.913
    80        1.959
    81       -1.182
    82        0.432
    83        1.903
    84        1.226
    85       -1.949
    86        1.022
    87        3.481
    88       -0.023
    89       -2.410
    90       -2.790
    91        1.633
    92        1.818
    93       -0.606
    94        0.618
    95        1.283
    96       -3.691
    97        0.948
    98        1.878
    99       -0.945
   100        0.497
   101       -1.588
   102       -1.590
   103       -0.107
   104       -1.898
   105       -0.395
   106       -2.204
   107       -0.190
   108        2.898
   109        0.277
   110        4.116
   111       -0.016
   112       -0.089
   113        1.088
   114        0.032
   115        0.375
   116       -2.192
   117        1.697
   118       -1.461
   119       -0.940
   120       -1.063
   121        0.364
   122        0.148
   123       -1.069
   124        3.026
   125        0.194
   126        0.886
   127        0.894
   128        0.079
   129       -1.312
   130        1.033
   131       -0.492
   132        1.594
   133        0.157
   134        0.266
   135       -0.258
   136        0.243
