  1    -1.04
  2    -0.48
  3    -0.71
  4     0.31
  5    -0.24
  6     0.61
  7     0.17
  8     0.07
  9     0.52
 10     0.27
 11     0.99
 12     0.66
 13    -0.17
 14     0.79
 15     0.13
 16    -0.82
 17    -0.42
 18     0.96
 19     0.10
 20     1.34
 21    -0.38
 22     0.15
 23    -0.25
 24    -0.30
 25    -0.12
 26     0.55
 27    -0.10
 28    -0.18
 29     0.70
 30    -0.74
 31     0.46
 32     0.71
 33    -3.87
 34    -2.44
 35    -0.10
 36     0.44
 37    -0.58
 38     0.81
 39     0.26
 40    -0.45
 41     0.33
 42     0.66
 43    -0.72
 44     1.51
 45     0.51
 46     0.53
 47     1.00
 48     0.52
 49     0.13
 50     0.25
 51    -0.65
 52    -0.17
 53    -0.22
 54    -0.07
 55     0.15
 56     0.15
 57     0.75
 58    -0.18
 59     0.17
 60    -0.62
 61     0.64
 62     0.25
 63    -1.14
 64    -0.65
 65     0.69
 66    -0.89
 67    -0.34
 68    -0.22
 69     0.58
 70    -0.63
 71     1.36
 72     2.13
 73     0.30
 74    -0.49
 75     1.12
 76    -4.65
 77    -2.97
 78    -0.72
 79     2.79
 80     0.12
 81    -0.19
 82     0.26
 83    -0.09
 84    -0.03
 85    -0.50
 86     0.83
 87    -0.24
 88     0.66
 89     0.27
 90     0.38
 91    -0.58
 92     0.46
 93    -0.26
 94     4.20
 95     1.21
 96     0.97
 97     1.11
 98     1.33
 99     0.75
100     0.37
101     0.57
102    -0.37
103     0.57
104    -0.40
105     0.66
106    -0.74
107     0.65
108    -0.09
109     3.58
110    -1.01
111     0.27
112    -0.96
113     0.83
114     0.18
115     0.55
116    -0.46
117     1.06
118    -1.21
119    -0.58
120     1.31
121     0.58
122     0.01
123    -0.41
124     2.07
125    -0.52
126     2.01
127     0.47
128     0.38
129     0.57
130     0.49
131     0.20
132     0.07
133     1.20
134    -0.26
135     0.17
136    -0.35
137    -1.82
138     1.00
139    -0.55
140     0.41
141    -0.08
142     2.20
143     1.15
144     0.62
145    -0.74
146    -1.09
147     0.59
148     0.67
149    -0.37
150    -0.38
151     0.97
152    -0.62
153    -0.23
154    -0.38
155     0.84
156     0.60
157    -3.09
158    -0.22
159     0.43
160    -1.20
161     0.46
162    -0.28
163     0.76
164     0.54
165    -0.12
166     0.50
167    -0.72
168     0.49
169     1.25
170     0.05
171     1.72
172    -1.33
173    -0.42
174     0.75
175     0.01
176     1.45
177    -0.86
178    -0.69
179    -0.05
180     0.57
181     0.51
182    -0.40
183     0.39
184    -0.65
185    -0.09
186    -0.28
187    -0.24
188     0.34
189    -0.41
190     0.61
191     0.70
192     0.55
193     0.15
194    -1.47
195     1.72
196    -0.53
197     1.06
198     1.76
199    -0.30
200     0.14
201    -0.60
202    -1.23
203     0.04
204    -1.17
205     0.08
206     0.66
207    -0.27
208    -0.12
209    -2.10
210    -0.92
211     0.51
212     0.84
213    -0.87
214    -0.87
215    -0.24
216     0.24
217    -0.93
218    -0.69
219    -3.64
220    -1.01
221     1.46
222    -0.03
223    -0.16
224     1.90
225    -0.42
226    -0.58
227     1.52
228     0.38
229     1.68
230    -0.94
231     1.09
232    -0.10
233    -0.08
234     0.98
235    -0.19
236    -1.75
237    -2.75
238     0.15
239    -0.42
240     0.65
241     0.43
242    -1.41
243     0.70
244    -0.51
245    -0.12
246    -0.85
247     0.29
248    -0.85
249     0.92
